150
24 861
186 897
237 111
250 771
265 89
740 727
57 324
40 930
503 807
816 851
190 912
468 965
433 860
917 448
138 346
245 478
539 12
933 801
868 340
616 738
804 282
410 642
773 825
351 932
587 702
427 290
568 119
148 485
202 444
905 899
518 933
814 258
172 924
663 49
594 378
864 793
688 7
502 982
607 186
841 304
491 493
160 82
978 921
477 909
104 360
981 84
369 746
262 217
558 318
458 533
126 841
341 426
292 37
1 306
489 654
221 333
401 521
394 179
592 936
205 581
500 412
666 275
656 804
684 866
535 208
607 579
945 577
732 690
33 483
905 819
292 774
419 136
616 843
916 360
782 776
189 432
465 857
70 664
158 3
440 622
762 935
184 886
695 362
848 978
480 702
624 496
326 514
70 860
298 375
48 852
529 233
701 470
955 611
233 317
24 386
305 855
861 267
99 860
884 71
710 754
917 261
7 49
948 256
744 446
908 567
317 738
448 682
656 696
899 12
961 816
196 325
930 854
195 644
129 304
689 932
593 616
113 160
685 556
219 197
726 47
553 338
416 411
550 187
453 450
735 106
891 943
694 383
52 785
636 168
753 357
873 874
76 262
846 845
500 503
143 727
469 722
910 200
598 792
343 430
924 579
914 92
71 26
657 812
248 52
852 614
428 481
365 58
893 132
126 412
673 552
