150
619 153
547 431
923 375
633 298
617 276
621 564
802 235
368 364
247 849
590 385
412 991
47 716
637 265
157 760
510 615
686 366
71 860
337 886
723 559
433 936
104 300
267 256
685 36
625 984
110 898
201 546
982 387
366 682
163 12
382 554
539 438
427 471
55 680
61 929
961 650
219 14
804 475
327 659
133 83
380 221
932 325
916 520
590 225
527 233
864 796
158 51
199 466
246 230
172 177
178 998
563 372
593 476
663 428
432 246
868 114
908 719
322 716
998 473
287 850
102 942
423 853
101 319
695 111
260 559
635 331
920 802
912 681
529 607
428 201
4 359
962 427
767 344
950 308
436 316
903 884
263 577
815 24
916 162
279 326
268 877
278 820
965 686
208 444
991 662
127 880
332 115
667 136
1 223
60 976
124 938
698 240
897 271
95 669
779 565
878 589
4 268
434 157
622 640
433 812
272 334
130 630
842 328
952 588
72 59
922 288
680 61
209 27
764 99
356 134
463 613
963 103
292 252
83 582
617 414
714 939
970 491
945 308
247 493
433 453
141 303
578 225
216 137
134 745
164 495
330 610
527 751
498 646
575 516
581 668
671 307
324 422
376 904
206 120
471 442
549 506
147 427
772 278
375 616
874 522
447 344
938 456
770 350
62 364
656 998
787 135
277 151
95 907
602 121
786 102
976 285
