150
71 324
715 577
91 825
864 166
742 757
653 100
933 819
672 186
303 682
203 152
973 503
91 687
417 912
26 455
339 295
684 572
349 845
881 360
232 299
137 239
966 925
409 178
296 955
590 218
842 952
521 419
96 192
518 722
755 427
487 661
603 922
765 639
719 526
692 726
430 756
118 565
115 621
290 669
995 442
40 126
68 825
646 883
472 949
865 475
454 161
904 519
269 238
742 549
683 258
845 181
844 802
322 369
86 859
139 922
16 444
540 688
474 250
996 360
709 598
925 602
914 502
140 919
310 434
177 924
517 814
587 271
654 19
338 680
150 995
299 612
448 577
561 551
700 16
886 659
107 584
658 630
934 649
937 739
805 85
425 105
660 408
349 571
283 372
740 594
753 734
160 751
270 349
402 498
319 185
327 25
513 111
307 515
480 134
290 657
623 705
155 208
659 726
662 611
902 596
92 652
1 991
230 645
885 569
956 610
77 349
381 58
860 753
386 485
865 759
532 129
343 724
142 816
154 598
61 191
113 651
806 927
620 755
552 253
218 58
616 697
362 589
951 621
788 996
929 941
76 540
548 740
267 582
307 203
579 369
667 990
502 207
63 288
169 692
469 870
435 119
901 637
713 728
851 56
354 339
996 141
232 519
172 384
885 586
525 904
389 251
932 411
737 118
709 998
660 478
832 523
