150
613 30
51 685
969 754
898 398
468 757
562 492
760 562
794 434
544 989
460 77
480 18
735 483
586 495
941 244
544 165
696 877
738 238
724 164
935 719
602 485
908 758
896 118
330 0
657 635
33 200
184 408
469 860
436 433
590 916
1 387
95 400
344 898
843 264
644 64
350 360
204 890
32 368
143 829
705 702
824 75
544 119
706 250
470 143
439 143
922 636
308 84
79 282
96 788
560 740
516 763
824 981
521 97
363 103
825 308
872 823
351 373
622 384
494 937
932 560
473 409
693 663
228 43
733 152
938 956
962 518
788 584
303 807
265 485
746 646
629 350
91 854
562 802
781 400
825 731
721 627
157 222
818 995
204 422
841 417
315 427
207 630
59 277
691 30
48 130
882 147
828 488
411 912
592 607
948 377
790 62
106 571
748 605
460 462
482 922
93 263
645 522
354 467
198 637
454 803
40 568
730 686
909 726
989 888
381 705
513 436
287 430
790 630
44 594
398 727
522 50
438 158
194 682
180 341
875 721
712 749
28 694
696 136
26 378
888 276
256 220
262 358
684 302
608 341
398 389
340 537
468 920
545 233
595 411
627 141
961 646
231 883
235 877
80 79
968 108
283 111
968 412
393 242
765 957
747 843
670 424
225 454
754 638
993 446
735 634
810 398
563 60
471 815
729 379
299 331
586 311
