150
558 576
386 527
738 30
872 603
986 807
114 243
27 927
639 987
960 116
11 90
23 545
509 322
355 781
192 151
97 182
423 753
627 554
498 868
480 356
354 26
834 365
858 717
262 762
87 970
627 125
983 883
74 771
260 991
961 218
464 141
145 21
174 599
565 858
541 758
440 72
284 422
600 225
275 772
580 92
792 258
675 180
330 969
990 42
226 549
512 255
967 772
267 198
945 775
697 36
875 245
382 769
967 230
414 662
686 941
358 585
6 182
514 835
309 185
694 249
364 407
483 561
632 499
989 304
222 593
922 9
673 876
568 236
334 544
190 210
498 909
457 432
552 181
53 232
166 574
793 280
915 369
512 522
445 160
262 481
774 734
616 744
260 108
818 955
948 483
466 150
231 487
959 479
40 793
36 234
266 722
233 629
993 107
178 242
331 859
514 796
620 94
204 699
503 586
686 386
349 534
941 553
938 260
747 98
981 579
848 280
639 48
80 441
265 69
285 376
895 650
971 218
400 889
584 366
165 61
836 271
718 523
298 438
32 394
240 722
613 22
810 958
992 616
508 67
919 438
99 343
269 31
833 103
23 902
244 672
154 776
525 119
860 745
561 285
669 393
294 65
578 73
410 678
366 463
471 66
999 35
253 578
953 723
713 851
678 102
992 589
802 467
390 226
392 897
481 633
306 277
