150
611 999
813 833
738 930
187 773
805 651
524 609
886 760
498 156
474 10
848 65
989 77
233 228
419 452
492 476
254 453
89 972
537 83
280 375
469 698
965 374
495 292
214 310
889 231
295 565
777 140
239 92
403 58
191 304
522 88
945 786
786 611
264 810
156 81
968 578
361 947
549 581
533 696
73 414
884 612
164 599
493 47
239 616
829 808
661 752
821 757
93 180
378 787
41 208
488 927
219 962
215 175
344 953
133 604
648 928
843 242
462 599
525 1000
373 787
375 325
652 848
615 987
230 885
948 764
578 396
466 79
296 489
151 391
277 185
343 65
788 982
596 134
621 549
186 446
368 832
136 586
976 51
447 375
743 439
174 361
902 347
169 160
321 233
727 855
742 302
871 270
47 425
946 9
732 699
853 230
756 949
541 805
451 631
56 540
523 294
21 560
545 463
261 383
66 513
308 478
966 278
665 50
372 352
592 497
853 781
28 543
523 37
663 641
524 436
259 105
198 744
926 302
663 36
713 637
986 204
771 569
364 167
578 807
10 837
782 40
888 482
568 319
969 435
542 571
928 102
703 641
21 741
706 47
671 683
65 507
554 977
562 941
390 128
1000 141
110 11
652 852
816 166
479 339
217 373
339 620
145 67
387 414
674 931
837 80
848 187
928 818
489 751
89 424
136 463
673 560
482 223
