150
491 711
901 537
655 82
465 510
827 240
482 608
989 574
477 303
146 108
523 434
621 137
176 614
453 400
520 821
118 964
897 428
900 891
341 486
571 569
457 781
933 745
36 891
134 43
288 888
925 346
998 982
728 603
865 425
926 780
463 802
916 824
845 532
253 988
790 31
43 289
553 414
779 89
747 774
97 643
765 215
661 396
48 951
858 330
395 615
409 371
16 22
107 524
10 457
874 415
846 1000
582 802
464 383
777 739
963 514
325 268
435 456
960 575
882 726
400 541
103 751
518 243
626 99
591 437
1 276
277 122
436 87
373 733
106 193
765 539
795 464
34 745
326 253
542 836
315 299
429 836
365 657
756 477
742 384
772 145
25 660
475 748
307 767
85 80
580 413
365 625
228 528
882 893
520 519
759 823
678 505
904 374
127 223
800 135
942 32
139 365
740 925
45 860
138 103
763 794
766 667
192 330
272 64
123 741
499 70
753 112
600 82
204 342
947 501
285 481
510 204
566 471
990 315
731 67
25 922
430 613
547 958
364 873
662 998
677 778
204 734
657 646
686 997
505 410
74 300
441 796
154 311
613 242
155 916
339 954
559 742
639 522
388 521
935 171
924 153
939 500
102 305
0 751
798 888
729 20
770 431
834 838
422 700
365 64
195 395
168 653
865 39
664 754
745 734
952 359
218 437
