150
23 535
952 284
185 410
491 699
991 419
884 652
536 974
741 671
717 522
426 303
418 231
695 711
395 549
51 765
482 60
442 73
35 899
528 355
926 283
998 34
208 642
941 962
637 767
250 100
270 156
29 770
324 364
368 495
286 532
275 445
450 144
503 434
396 516
460 738
937 176
911 130
6 167
87 711
224 196
475 6
751 320
441 839
33 303
409 515
62 886
913 651
907 517
221 370
40 451
807 661
497 664
935 750
654 801
521 655
343 753
955 113
39 403
815 548
823 948
754 227
573 295
904 506
699 538
662 414
892 389
884 102
686 381
592 523
24 976
476 771
690 521
401 435
923 508
893 822
13 132
17 949
155 143
571 17
502 601
811 763
348 922
217 751
386 864
796 762
174 863
406 18
777 458
69 116
196 556
958 976
525 925
229 497
258 90
966 7
912 571
447 168
934 685
637 754
194 295
475 802
752 760
288 203
784 203
433 993
890 320
483 770
350 924
357 46
1 986
17 924
960 507
336 651
189 858
184 974
842 328
111 924
47 273
210 560
95 250
53 886
621 532
708 665
627 511
438 528
429 977
416 396
584 448
612 493
768 523
650 175
421 615
985 268
817 447
482 108
785 177
881 276
751 564
25 55
333 443
62 501
944 461
86 476
375 927
357 880
754 753
520 221
151 228
897 801
776 600
530 827
