150
385 496
669 337
160 257
294 242
955 10
890 560
234 536
761 48
793 722
419 57
464 787
281 803
915 997
628 328
82 895
974 976
857 613
298 663
323 471
917 49
513 576
214 832
316 640
737 964
298 760
921 212
836 708
547 837
963 339
588 476
75 413
590 834
180 827
820 323
807 509
709 189
24 85
209 151
883 866
242 924
368 381
244 628
194 706
257 523
834 819
30 646
84 5
755 927
54 321
563 752
820 979
197 509
209 776
865 761
424 319
84 106
39 965
203 832
230 428
763 718
41 728
281 719
720 426
469 171
548 26
931 597
579 395
833 370
198 127
417 645
907 55
256 810
402 691
432 706
805 5
143 235
753 176
77 748
732 574
379 675
971 971
552 877
303 188
803 948
329 121
683 425
300 219
859 501
967 31
946 190
114 296
251 273
718 628
569 602
441 398
43 757
525 322
515 401
954 702
471 685
512 201
469 110
352 613
818 608
711 49
923 747
885 883
484 126
970 934
602 924
553 592
872 137
413 837
241 786
864 492
931 699
826 685
171 137
19 350
860 986
496 862
221 574
227 769
490 979
145 368
888 859
171 138
293 634
403 816
381 84
828 409
318 266
201 627
9 149
907 784
539 708
891 740
447 363
187 631
42 798
186 53
227 535
264 309
57 592
765 734
21 678
245 695
485 922
627 632
816 539
