150
7 28
445 625
392 792
211 472
484 876
348 358
560 332
943 754
332 833
831 535
970 591
39 622
275 941
282 354
527 587
152 851
138 102
809 517
967 295
400 718
746 661
217 157
628 10
773 976
1000 940
749 566
195 765
379 156
249 611
25 397
58 308
600 329
526 741
6 495
216 59
605 745
360 179
855 228
489 32
877 386
751 449
909 966
123 853
250 919
484 396
717 511
867 130
534 698
96 190
392 726
309 478
85 704
939 142
989 713
983 740
899 358
261 537
217 649
934 482
882 644
671 231
88 838
325 866
98 873
225 833
656 576
310 292
960 600
506 512
396 544
95 806
529 152
158 356
723 77
353 525
488 821
149 760
47 239
38 826
96 998
410 996
801 233
683 101
452 579
294 378
362 500
623 105
116 321
759 198
7 2
209 296
326 430
33 373
505 969
26 436
734 359
871 566
771 379
921 44
997 283
550 215
15 295
394 56
970 416
747 40
443 308
441 450
447 595
402 116
847 984
444 873
539 21
523 543
599 743
685 491
433 875
691 665
8 666
253 268
974 376
820 840
237 691
931 789
870 128
358 557
955 221
238 139
789 600
562 146
432 730
40 684
163 978
738 559
456 305
36 142
113 38
880 685
978 782
188 987
796 688
996 608
389 983
334 970
968 356
999 826
319 640
856 653
778 159
697 780
751 114
