150
300 289
859 7
190 608
158 163
399 551
534 549
211 93
851 610
653 849
989 467
750 886
790 256
291 685
608 70
779 518
177 53
627 766
927 938
488 478
847 837
201 119
548 964
712 572
123 682
719 945
757 31
906 597
721 467
967 971
17 526
481 765
611 792
824 753
274 387
933 134
271 1
233 167
839 68
117 217
867 192
16 249
9 743
377 999
758 901
592 511
782 397
649 834
234 783
29 934
353 956
480 562
738 122
321 972
73 75
369 848
293 240
835 148
839 852
853 490
294 173
551 380
157 210
301 171
55 581
218 452
966 291
907 710
310 92
39 425
429 571
620 680
675 739
684 750
330 199
959 262
938 955
335 236
815 453
646 661
476 19
175 585
999 869
896 515
468 796
772 599
312 169
154 925
610 518
240 309
35 939
985 693
841 235
88 61
280 372
598 292
303 296
145 292
400 43
114 272
934 793
907 727
873 108
897 265
416 237
402 476
672 9
89 877
317 89
418 134
89 751
295 9
818 23
201 246
23 83
569 198
322 89
162 876
529 424
45 886
474 252
782 265
844 345
584 536
946 526
833 940
793 41
626 871
717 617
439 844
233 62
908 92
608 433
472 559
657 502
723 292
856 210
146 527
63 498
288 165
439 323
556 987
68 284
175 589
65 410
432 757
472 279
80 251
671 411
963 125
593 816
