150
864 512
326 282
391 916
668 94
199 539
297 761
696 360
754 958
633 992
37 108
86 770
261 824
323 944
660 359
582 687
902 19
996 578
212 296
993 175
270 813
71 486
258 502
259 534
203 823
716 258
104 873
937 863
859 72
748 286
432 766
184 61
559 973
688 273
735 362
4 914
3 85
229 337
699 877
456 796
632 361
107 612
457 725
885 531
783 201
141 326
825 169
576 882
751 791
345 510
666 972
335 172
647 788
449 889
882 388
645 995
563 276
111 79
195 424
949 231
192 891
231 200
761 849
361 972
501 508
120 790
143 527
870 112
39 911
235 366
702 819
576 313
449 558
322 160
562 378
417 859
216 779
854 594
269 581
322 98
189 343
566 814
274 496
317 495
820 660
260 472
368 817
658 294
109 400
228 364
441 849
46 686
829 394
129 826
124 281
861 71
296 708
135 910
563 162
211 408
20 523
403 986
443 802
569 841
929 210
718 284
692 176
854 463
238 339
909 803
893 247
917 635
2 824
960 84
273 590
787 967
174 356
825 245
179 544
754 670
713 562
723 513
938 549
123 875
892 255
103 970
163 519
940 630
196 130
520 361
207 327
101 77
399 131
990 967
188 345
992 738
564 626
109 750
583 467
322 927
10 598
753 253
126 240
10 655
509 617
542 901
503 180
860 55
823 608
870 380
351 265
