150
507 356
945 116
583 483
91 395
141 809
250 354
21 661
591 932
18 760
281 138
612 350
961 704
834 847
757 779
9 418
942 388
764 755
227 901
359 605
341 763
534 720
633 247
541 501
573 183
11 707
705 131
572 58
268 21
300 521
375 437
489 589
303 956
779 652
710 301
873 792
809 134
787 51
629 183
40 28
525 154
398 813
323 856
169 903
26 820
764 59
57 84
460 434
32 405
723 891
534 710
465 653
870 32
754 358
959 275
246 39
811 5
798 69
313 502
614 82
953 229
484 914
588 670
42 372
83 581
939 361
720 385
833 525
559 765
20 895
646 588
850 120
970 431
774 838
240 155
421 873
959 99
52 358
737 682
147 105
461 354
577 59
593 3
724 709
315 8
363 644
474 927
301 582
416 108
160 723
904 550
993 471
423 786
634 641
291 600
174 392
740 150
761 474
518 509
814 834
799 862
653 797
441 780
569 883
183 556
220 448
367 84
593 370
74 923
72 376
620 767
158 648
422 933
750 297
985 212
446 613
953 531
140 444
806 489
602 144
458 367
927 518
909 456
782 31
196 37
617 420
17 762
489 12
866 707
504 480
972 49
275 7
557 23
137 443
372 774
82 361
24 786
660 350
717 807
503 168
99 373
895 750
739 369
597 293
503 376
794 537
402 16
291 339
663 844
61 127
760 166
