150
190 260
817 582
365 890
30 390
166 557
56 636
760 656
45 978
506 914
114 794
636 725
53 392
374 792
617 296
792 905
245 156
605 546
624 44
554 629
301 275
604 1000
319 376
395 835
668 291
143 212
748 826
106 544
12 8
715 748
880 213
178 710
239 5
427 354
185 407
885 946
429 105
20 766
743 511
63 0
503 387
349 754
818 725
851 185
914 302
149 401
443 414
302 439
276 360
387 543
769 987
599 86
197 231
993 560
350 130
930 814
464 779
866 889
908 365
355 362
760 196
758 873
858 523
245 286
232 346
790 425
954 166
557 644
961 597
3 193
294 960
49 162
978 780
192 981
267 124
620 720
896 768
889 593
360 31
564 771
621 162
243 202
249 938
58 807
484 985
808 261
247 779
236 866
600 342
74 379
530 749
880 389
411 656
476 819
884 908
427 909
806 413
401 919
472 615
883 223
726 226
737 242
901 387
732 196
156 943
192 192
109 566
443 251
223 68
346 95
642 811
618 119
886 191
177 536
905 977
517 758
384 908
622 584
676 289
268 161
496 936
200 888
38 24
668 762
795 772
353 197
948 461
161 841
645 674
715 991
924 654
804 147
933 454
690 372
406 371
992 227
678 338
815 614
974 742
531 591
60 255
955 169
296 699
462 470
486 195
561 264
128 768
691 695
394 173
851 440
809 354
