150
391 748
133 386
296 619
439 21
273 951
355 447
660 205
718 773
313 301
737 463
27 245
532 730
493 447
782 388
491 960
363 506
520 304
958 146
960 774
818 341
523 634
421 269
642 411
497 624
190 43
845 438
124 351
424 50
675 705
523 509
64 226
570 412
637 30
668 296
589 286
312 291
785 846
526 208
371 456
578 81
448 312
115 635
326 598
602 267
361 139
675 875
978 794
32 212
75 360
228 377
377 556
968 67
772 749
846 748
459 947
987 674
790 566
820 900
572 386
911 85
117 721
527 1
391 996
286 775
812 238
891 94
744 40
697 2
918 578
184 241
453 377
372 751
697 610
160 220
755 828
13 138
411 766
271 143
412 296
337 348
574 510
756 739
796 622
761 666
827 510
440 661
583 417
731 948
62 94
420 110
950 685
218 339
384 377
253 137
826 476
877 474
670 86
788 660
217 601
895 512
197 877
553 478
492 544
840 975
679 318
623 776
318 336
219 515
961 565
207 45
792 153
365 840
562 325
716 745
343 717
161 525
722 436
172 675
83 910
422 298
665 723
575 421
1 112
761 501
552 926
96 590
48 724
104 540
108 111
997 564
927 124
749 428
150 92
591 405
191 75
806 835
593 932
22 878
518 570
355 287
494 486
10 40
970 483
642 163
181 788
922 564
426 438
643 920
392 707
133 253
