150
806 809
630 602
856 896
801 938
919 210
366 902
824 620
983 171
293 974
358 110
355 566
103 677
587 779
1 997
325 809
552 894
704 296
320 865
569 853
992 435
111 72
699 110
541 51
158 673
927 73
550 887
660 528
320 448
398 966
990 488
780 48
904 970
384 818
670 248
369 63
294 846
901 247
29 974
387 381
816 888
728 774
666 386
454 670
272 118
985 225
381 770
864 715
17 503
122 114
677 391
407 936
304 833
741 535
90 647
964 82
737 652
57 54
894 647
81 908
160 918
771 30
398 479
368 827
838 748
429 627
614 572
565 385
46 136
942 612
218 332
455 311
563 324
470 423
842 724
853 608
88 976
203 262
429 950
174 411
936 983
356 704
398 936
551 308
99 647
812 637
477 2
445 980
428 636
47 364
395 253
716 990
383 900
877 821
397 877
456 543
686 268
10 963
1 724
873 193
917 105
127 836
295 946
686 942
603 486
744 37
528 376
760 540
108 723
410 75
420 731
698 498
837 970
703 687
887 438
663 903
177 975
42 942
714 420
531 413
584 327
184 202
838 392
933 207
506 696
127 256
64 398
652 468
101 737
683 240
119 734
937 447
471 584
348 923
358 474
485 809
758 802
421 637
195 506
49 745
588 666
363 588
4 511
689 888
637 374
144 167
336 431
433 638
470 981
791 174
674 821
