150
534 346
441 277
817 279
731 741
661 883
376 955
557 849
594 635
144 980
9 197
652 162
143 55
898 188
539 882
330 228
292 1
96 836
999 355
533 7
331 667
961 576
236 204
767 989
313 936
22 977
583 903
557 296
267 133
990 664
603 499
65 381
783 876
372 304
59 553
679 872
517 699
592 311
207 784
301 31
797 35
560 618
336 940
869 691
777 412
194 88
792 253
642 425
194 687
645 225
986 15
209 218
943 873
201 691
351 627
286 471
171 631
743 869
174 609
698 255
737 436
743 952
628 350
831 78
783 478
215 499
319 366
206 958
83 467
87 846
899 518
389 968
653 511
547 570
301 355
738 593
451 758
830 946
295 213
168 473
197 325
977 89
804 738
353 620
484 599
616 515
30 574
315 528
799 882
292 516
682 287
340 166
303 394
411 439
319 481
483 225
623 4
741 694
691 565
152 283
526 792
875 697
54 544
720 500
952 443
874 80
521 793
723 405
242 111
435 665
403 101
505 312
822 705
813 423
795 701
399 213
457 745
130 497
722 196
144 391
699 543
953 597
322 77
460 683
884 817
519 107
897 752
742 339
776 255
691 968
360 78
956 155
438 593
513 104
613 700
816 16
389 668
664 73
980 782
741 274
521 707
778 256
993 429
580 459
674 802
424 946
330 637
26 783
94 501
930 591
756 960
