150
221 930
278 872
716 59
929 269
236 773
881 813
936 542
150 317
106 313
243 588
398 549
884 87
866 820
545 543
559 954
76 611
721 27
861 508
128 812
671 947
495 334
726 81
442 724
167 567
587 26
751 257
512 900
550 704
761 241
699 757
291 884
110 91
852 656
703 387
423 983
394 443
379 374
240 506
761 642
450 548
429 268
249 15
551 111
117 361
526 239
360 442
820 327
163 443
259 780
589 389
194 72
907 12
913 6
701 930
18 448
289 639
415 583
832 127
667 699
421 26
237 252
182 694
912 557
228 553
954 367
737 634
578 365
862 579
611 457
68 15
67 338
663 471
749 627
610 179
495 761
469 576
890 745
961 595
864 624
13 981
949 11
492 721
415 945
846 809
944 986
26 659
342 267
210 977
218 336
181 937
53 445
503 77
49 924
446 357
889 489
158 306
518 928
807 880
796 905
527 68
646 196
122 859
329 643
860 346
358 851
468 370
22 724
478 436
856 168
937 741
214 52
650 515
802 249
294 330
803 941
380 625
226 429
123 988
170 332
538 803
801 882
981 481
234 688
636 48
262 413
881 736
313 605
386 566
1000 702
279 503
448 21
673 343
916 454
493 296
891 415
754 91
443 243
915 714
922 575
585 864
886 806
18 61
315 488
565 73
733 301
777 681
846 491
632 592
403 398
810 943
