150
798 216
724 716
320 138
869 684
859 58
397 142
903 839
404 589
864 322
778 256
277 965
996 404
358 425
223 740
591 667
292 502
170 822
204 746
9 849
64 276
557 640
369 911
626 247
885 493
910 10
310 496
777 101
411 278
485 572
817 576
878 485
358 789
799 68
109 481
665 316
558 784
432 434
15 326
756 226
447 841
200 563
27 760
747 357
259 120
167 111
177 763
13 238
86 109
615 862
730 61
346 444
677 626
268 936
988 393
45 246
718 707
489 631
826 738
115 578
90 63
754 79
543 157
654 993
266 345
785 253
879 421
648 733
809 332
141 665
58 402
193 68
713 98
534 688
794 607
23 567
949 220
371 987
124 647
562 109
901 820
778 565
843 777
593 485
86 556
982 431
600 250
926 739
873 905
272 447
954 894
443 381
917 540
359 16
261 616
791 614
360 960
304 398
946 132
211 991
146 987
489 874
944 913
54 346
248 313
133 518
127 602
416 362
961 421
532 838
921 230
251 150
874 513
917 98
534 458
97 929
93 830
542 234
670 28
841 963
623 722
788 385
213 252
53 404
148 824
275 303
910 964
377 789
149 291
583 381
754 225
79 706
419 107
66 129
835 613
938 688
871 606
164 211
139 875
683 899
661 978
893 23
575 64
78 753
82 460
775 801
677 59
367 726
100 201
186 340
546 574
