150
900 926
166 886
142 122
783 842
906 540
201 728
428 729
823 949
687 390
705 445
210 164
445 610
333 602
892 723
302 250
925 625
8 34
863 204
741 836
458 771
470 904
974 284
90 109
911 729
608 686
162 170
964 460
283 157
368 779
816 996
342 294
814 181
650 834
848 379
946 267
348 255
429 864
739 919
588 880
655 877
215 2
170 355
664 926
583 679
676 445
402 802
533 181
500 835
855 181
721 30
272 548
687 177
451 581
586 44
306 181
111 348
613 734
754 856
957 972
909 677
394 565
662 657
939 725
494 660
1 380
4 749
949 468
319 629
171 300
64 872
223 524
919 696
85 670
593 263
865 505
979 591
178 943
60 89
794 628
415 805
442 855
821 625
787 272
299 147
94 28
311 365
344 253
172 707
347 523
46 925
883 38
104 594
778 749
357 763
272 958
30 446
359 193
584 375
296 963
773 883
736 488
245 270
801 371
617 890
153 468
811 191
726 23
943 610
910 312
344 577
682 951
857 315
115 34
948 102
498 45
189 52
292 60
134 666
743 260
847 256
495 601
7 58
113 79
217 42
579 404
603 40
659 543
899 171
706 329
989 238
778 639
239 366
468 310
150 838
194 567
902 220
43 559
480 832
756 437
916 216
871 347
557 988
66 162
723 582
880 318
349 521
55 682
475 324
45 276
847 499
