150
393 844
282 663
62 794
642 457
668 540
306 898
383 423
924 95
161 558
184 20
211 679
942 246
3 840
910 504
648 278
288 450
571 430
731 149
434 588
458 379
656 662
445 163
686 469
245 161
418 482
203 436
682 26
522 640
142 648
245 636
394 769
736 807
44 899
683 186
530 732
34 10
507 224
64 388
926 580
246 801
770 192
477 492
753 728
126 187
917 378
695 598
864 934
316 346
654 294
803 644
345 860
789 839
372 159
417 290
545 7
539 790
976 626
19 425
871 958
383 765
224 982
278 860
436 235
488 340
423 363
134 962
405 937
119 708
816 290
674 543
988 450
195 618
918 621
117 253
743 483
295 65
41 175
507 999
575 396
944 699
671 871
642 652
250 554
764 284
765 535
238 890
599 601
264 316
182 779
696 511
697 470
403 543
241 519
355 619
858 154
719 161
635 704
61 431
494 420
738 120
425 867
426 322
138 197
126 520
989 357
502 875
235 11
755 414
380 993
263 104
895 207
237 721
372 90
734 512
850 249
345 813
318 396
473 419
846 764
487 732
485 216
392 847
139 247
550 896
458 93
385 480
67 522
181 179
952 107
354 531
698 391
962 97
254 611
337 824
537 216
650 184
246 480
533 977
502 141
756 351
155 250
835 531
556 329
640 791
154 182
410 734
494 845
697 2
123 423
312 966
