150
172 56
433 708
261 862
183 919
300 214
177 289
216 942
856 87
890 897
760 848
215 451
836 708
567 934
127 525
374 398
747 137
559 877
367 230
297 527
105 109
278 448
305 549
927 974
62 841
447 603
488 862
844 680
316 840
949 296
262 292
5 644
412 435
756 443
231 290
90 787
900 149
686 630
285 364
55 437
472 164
588 944
362 133
169 311
46 12
980 544
772 833
250 169
322 898
543 736
631 443
596 997
620 597
143 820
705 886
370 506
579 199
485 738
694 733
304 344
826 730
608 131
430 790
279 179
868 463
366 839
717 341
620 242
70 270
801 180
747 141
59 106
149 562
853 194
321 464
786 845
805 557
362 198
571 94
859 46
366 783
866 13
144 422
851 735
187 709
532 973
799 418
316 793
360 259
292 708
429 846
487 638
709 793
178 721
12 178
663 711
354 528
401 677
99 96
209 189
769 583
32 766
466 854
123 153
577 216
123 794
85 156
200 854
954 831
1 809
134 945
53 695
462 950
297 316
339 842
769 38
78 217
587 426
979 921
28 627
675 98
709 657
566 757
493 571
317 951
221 142
307 214
998 934
565 633
779 312
722 188
946 300
119 496
134 802
398 835
998 765
534 769
936 57
812 997
840 863
871 264
102 840
717 424
381 99
117 761
376 753
110 898
895 462
994 315
215 38
519 799
