150
454 60
553 387
609 82
570 300
632 215
925 976
95 497
372 315
916 211
761 543
683 420
956 150
982 553
658 886
778 647
423 995
105 638
852 722
135 467
731 127
124 888
458 313
231 350
801 494
63 934
432 137
694 665
357 722
506 259
580 334
757 330
561 729
655 553
627 912
509 766
435 67
675 543
645 734
283 750
843 202
516 522
614 784
183 299
920 126
328 82
533 436
126 621
449 433
110 305
692 979
525 464
26 925
713 650
953 923
815 823
768 672
339 37
993 568
860 622
960 648
192 837
502 936
1000 539
996 113
188 82
667 942
781 884
774 518
72 242
402 46
836 903
613 339
510 818
417 873
506 909
22 755
379 923
967 850
634 42
658 953
239 90
777 193
310 642
736 511
544 318
851 700
293 617
238 345
710 952
7 207
461 859
364 884
320 615
64 757
80 274
332 17
991 453
323 461
193 190
360 58
367 262
204 560
318 815
923 873
990 894
156 213
275 161
414 835
436 143
297 444
36 251
714 531
535 675
136 664
684 671
615 629
218 334
270 137
936 592
343 685
730 727
486 753
636 632
746 581
561 753
65 8
889 760
641 289
105 700
887 722
599 573
957 476
84 111
422 742
668 666
497 592
628 957
81 168
934 220
120 197
782 176
166 651
794 306
292 397
244 659
573 467
236 576
20 455
269 153
288 717
