150
993 159
560 626
746 103
956 16
294 766
407 311
309 944
831 269
883 490
924 924
784 192
441 136
306 202
820 162
259 321
903 766
368 470
270 741
94 334
920 316
52 496
746 173
146 927
507 91
754 22
576 722
1 162
282 105
105 755
522 195
844 75
390 359
446 671
405 358
608 698
447 799
686 555
731 216
358 262
184 341
995 780
352 819
705 888
688 778
295 183
777 164
586 411
347 298
177 335
140 723
910 730
935 366
455 544
870 185
316 518
595 662
955 177
918 730
835 866
964 285
434 293
646 508
784 862
429 52
325 827
912 829
241 267
478 102
382 263
632 828
595 955
479 801
448 818
31 151
832 505
495 390
632 694
854 919
422 658
322 437
772 399
921 376
673 886
522 485
670 308
454 283
572 757
87 727
814 627
700 495
762 452
803 280
366 677
36 199
780 779
619 12
726 832
612 101
618 641
799 639
476 319
823 749
180 514
1 237
301 79
31 568
635 420
238 397
875 853
625 149
473 355
858 538
492 958
887 118
241 1
644 249
323 945
698 717
532 602
198 109
792 948
459 807
5 918
864 697
736 173
662 394
954 103
626 299
207 971
626 841
348 77
625 241
652 680
413 245
647 931
69 110
941 674
227 786
336 929
816 992
851 861
1 719
104 831
790 915
579 137
35 849
230 776
53 319
262 580
265 608
