150
270 62
975 199
505 593
671 980
908 266
534 668
881 473
707 698
966 199
787 631
88 745
846 374
309 287
468 80
926 127
523 134
916 263
738 424
265 10
634 706
610 648
287 83
484 618
526 141
979 690
254 232
288 600
599 512
85 431
612 325
466 568
386 813
540 501
450 564
850 718
459 452
715 895
158 617
459 18
848 119
435 980
877 224
970 574
673 673
331 643
491 3
57 786
367 14
890 843
520 635
235 969
734 501
590 69
603 219
265 938
912 954
163 731
527 390
631 706
960 785
855 278
514 828
904 922
503 964
867 461
420 131
789 909
447 336
478 2
219 459
233 27
589 773
569 492
326 791
885 757
622 779
371 797
960 382
489 996
722 768
611 863
75 626
202 53
569 330
571 787
431 996
691 555
969 8
116 685
322 856
103 36
152 882
987 459
555 363
801 700
225 555
762 870
200 476
541 876
672 12
577 848
417 217
265 847
159 618
182 799
991 864
901 218
547 837
657 386
871 962
939 967
501 694
778 112
96 457
839 960
465 247
324 692
920 616
603 945
817 127
621 930
608 612
25 588
300 349
345 749
484 878
346 275
232 3
241 292
57 312
534 398
584 873
228 705
468 713
949 214
287 788
484 299
259 922
108 557
612 418
555 364
155 506
100 405
702 688
176 660
701 483
630 247
669 550
855 400
778 15
