150
9 22
136 945
444 443
940 451
773 344
894 875
13 928
749 25
219 351
181 802
904 777
845 260
257 934
819 370
824 802
443 624
637 352
519 284
979 10
991 0
707 896
41 277
842 55
726 121
313 43
620 506
775 944
441 359
189 687
236 77
369 600
82 4
914 540
857 234
951 312
993 327
832 588
451 974
923 883
650 934
887 443
774 625
184 126
351 544
219 546
97 572
296 165
232 890
277 842
377 570
581 591
121 356
124 90
977 34
840 295
89 73
483 68
45 902
991 306
286 466
774 905
974 213
13 225
159 865
929 95
40 920
188 19
499 852
990 900
280 386
701 613
335 962
83 934
732 265
378 743
16 657
895 603
30 1000
198 411
92 990
15 815
425 533
68 144
231 129
396 458
496 104
14 771
715 191
540 422
448 748
429 665
67 324
343 709
570 51
124 544
479 651
327 504
259 210
4 734
844 426
859 505
245 58
51 463
645 518
6 783
790 328
536 604
640 777
597 34
61 417
299 576
701 18
991 13
346 100
862 751
859 559
141 962
916 931
979 387
199 958
713 129
96 49
302 603
790 813
455 737
616 182
450 241
361 539
775 475
781 347
980 652
904 600
499 999
154 105
521 84
92 489
32 218
997 613
667 361
101 311
950 519
139 993
524 292
200 978
160 904
375 130
815 130
939 413
909 243
960 48
