150
100 47
347 920
75 221
884 550
693 772
616 673
181 441
443 820
130 89
303 707
725 772
261 653
929 956
179 543
953 123
491 875
622 633
407 30
629 361
562 353
838 265
109 726
407 672
940 854
561 475
276 617
620 222
924 521
277 862
771 793
84 604
320 435
679 582
889 877
604 516
227 714
634 225
833 889
335 299
399 625
560 398
643 60
954 681
394 655
485 366
568 472
463 798
961 689
232 806
846 784
311 525
19 897
921 267
538 801
702 126
722 535
737 497
679 216
735 235
591 882
930 505
666 737
829 169
698 640
673 49
72 664
733 463
244 455
342 298
183 407
489 364
649 178
259 638
824 518
860 689
636 912
17 141
2 362
646 720
869 514
816 472
548 377
725 801
864 506
472 616
728 293
111 154
681 206
961 898
941 886
643 749
123 339
47 89
417 575
32 485
430 444
364 164
243 668
951 106
812 759
901 30
498 461
387 489
798 585
299 833
510 594
583 383
700 389
439 284
863 673
275 222
624 496
693 90
519 387
968 423
244 854
458 482
547 162
752 334
304 841
336 796
102 550
961 9
462 629
563 594
386 112
497 631
189 823
513 191
659 376
636 721
28 400
728 509
947 764
580 344
932 123
88 201
803 601
640 46
81 884
569 351
13 101
468 638
815 894
836 580
356 440
929 427
834 37
728 976
71 494
