150
76 606
869 488
620 364
306 493
445 920
340 773
845 165
389 644
50 200
250 732
434 839
911 598
426 296
789 674
568 130
319 331
212 801
925 335
637 551
227 862
883 222
837 714
297 665
130 900
134 451
131 473
974 35
149 125
241 750
753 317
837 558
772 379
947 996
978 507
673 378
690 31
729 480
816 84
305 819
825 864
528 39
155 931
294 679
353 200
792 533
348 27
286 360
286 413
975 699
644 175
503 272
285 168
708 779
619 779
765 40
482 151
175 78
273 880
140 77
744 177
568 567
417 583
685 404
203 120
512 874
825 741
306 315
829 650
666 651
741 93
260 30
906 722
291 866
159 423
79 289
282 408
977 347
73 585
728 825
530 797
747 577
519 934
195 166
486 978
529 937
664 381
225 685
484 266
213 724
698 950
866 821
13 457
211 775
290 153
471 688
965 114
448 484
924 210
904 517
670 694
479 376
179 87
200 355
217 679
852 786
293 506
294 143
449 89
464 535
804 989
428 436
294 662
231 496
545 373
577 318
386 535
440 734
736 956
43 690
781 464
423 220
810 399
319 789
764 174
707 392
844 492
42 53
841 954
809 560
332 958
803 630
681 535
615 374
154 949
521 904
745 569
549 329
589 271
256 474
338 371
502 471
386 273
349 482
718 565
525 772
143 98
883 885
323 117
225 772
63 448
