150
377 398
674 532
755 453
448 623
748 748
312 633
422 946
115 756
590 357
452 515
573 197
187 417
35 225
822 378
91 973
154 104
830 609
143 562
533 778
192 72
138 285
551 946
501 541
852 648
98 792
922 375
370 318
83 37
882 998
751 552
982 557
88 40
405 684
80 248
520 642
592 930
135 534
138 123
424 928
347 568
433 184
912 22
933 277
921 358
96 459
904 882
352 721
589 841
951 649
297 733
497 909
126 347
195 582
11 439
241 270
517 446
625 422
476 215
797 725
740 239
521 465
906 983
3 865
502 490
81 101
143 931
256 942
822 801
712 311
266 745
41 430
498 412
337 207
819 94
397 908
166 624
499 286
472 526
113 128
618 647
11 148
825 441
994 267
133 258
780 210
185 600
940 823
290 324
9 736
404 714
990 694
410 98
475 88
274 998
97 36
258 826
76 347
101 974
339 347
889 435
795 424
789 365
144 529
88 564
222 180
696 562
589 609
649 81
667 632
483 23
939 471
183 652
42 134
891 344
828 928
286 85
238 45
778 36
486 468
378 192
94 7
303 732
256 236
251 157
15 549
156 128
426 525
873 681
314 605
190 126
328 332
976 988
497 595
766 159
154 789
108 471
662 895
341 374
658 613
12 539
383 896
754 771
884 251
353 108
580 367
410 540
657 921
618 288
234 132
511 749
