150
733 473
136 349
363 385
815 933
939 85
650 590
187 578
447 29
110 751
118 657
422 544
474 633
120 601
516 525
365 495
147 831
279 476
708 55
201 300
720 775
330 872
534 992
834 592
106 661
544 377
609 27
706 80
715 804
679 441
201 335
406 469
680 708
476 393
63 350
172 614
126 925
876 895
623 924
952 864
877 800
463 969
776 770
165 217
830 600
537 496
550 848
465 717
230 648
155 12
797 210
534 762
989 443
760 249
419 330
889 839
48 525
33 241
20 559
186 208
611 859
213 852
530 192
339 364
266 933
854 946
338 950
401 953
330 528
244 827
245 637
618 275
616 643
952 754
302 28
299 667
621 995
389 643
317 280
503 811
164 268
617 809
550 572
205 915
282 677
924 197
782 187
596 777
111 72
714 735
745 392
280 254
950 140
182 169
99 547
194 463
908 720
343 997
838 446
875 385
622 417
606 688
705 755
876 377
616 744
109 648
266 62
237 543
403 524
219 456
281 64
675 812
147 420
104 215
17 840
343 261
391 686
922 983
544 98
664 482
100 320
467 984
723 87
474 387
428 615
874 922
42 996
840 886
864 226
367 444
9 653
69 518
773 104
640 181
821 954
985 244
124 972
164 644
29 191
437 841
534 263
880 413
434 982
626 209
767 875
693 766
771 195
528 662
197 945
174 214
273 314
