150
66 733
892 67
788 21
237 609
863 770
172 851
461 365
610 582
245 212
946 864
197 456
261 771
773 225
195 956
718 116
413 594
725 441
50 932
848 659
662 550
472 558
791 843
531 265
920 210
249 104
817 296
14 393
444 757
808 321
496 139
291 942
228 120
686 490
448 127
778 555
811 219
384 992
227 65
168 81
920 310
827 121
946 980
489 968
517 823
912 437
489 462
958 383
340 549
505 32
965 124
995 30
245 696
115 592
939 526
937 856
812 208
458 168
492 405
463 60
709 437
386 962
827 963
178 731
45 710
994 589
822 783
785 947
380 264
182 460
39 851
404 627
550 234
507 177
351 209
264 467
976 453
661 359
71 97
322 749
438 852
105 938
634 54
287 918
362 686
534 592
517 759
955 349
557 562
144 82
295 846
271 839
218 653
146 16
444 858
642 901
192 579
59 28
636 966
237 912
312 616
835 997
324 979
649 353
309 981
848 643
953 235
885 955
690 127
786 89
942 774
888 697
898 55
437 222
887 425
579 839
723 765
926 749
507 338
253 571
364 384
938 956
48 106
503 405
227 735
99 632
220 927
569 620
824 787
553 473
505 968
263 23
88 288
447 329
3 18
852 469
459 32
570 151
987 491
363 998
679 14
990 75
850 257
124 36
93 402
87 354
308 610
727 781
754 501
128 114
653 683
