150
259 294
467 548
95 633
194 796
999 448
393 952
394 281
59 548
866 472
135 353
346 40
303 590
398 889
52 971
987 175
400 216
561 546
880 67
575 855
435 371
603 920
386 801
322 906
131 970
26 179
622 543
563 658
701 643
63 1
821 86
116 801
394 87
816 766
643 277
114 917
119 929
632 199
324 70
992 86
870 217
155 987
952 140
930 332
448 856
950 636
295 658
460 938
274 85
221 796
145 702
957 907
781 624
683 52
141 573
39 843
286 681
50 522
100 206
704 945
426 875
741 172
205 155
71 486
746 108
213 737
931 456
3 567
422 98
909 114
210 87
444 390
469 833
784 145
269 1
371 54
458 191
181 861
56 946
796 343
801 252
189 76
153 403
490 589
174 901
761 208
687 309
249 504
711 289
715 92
647 320
862 687
587 224
511 723
807 247
768 813
937 911
478 205
8 304
724 515
789 688
622 690
610 423
330 235
118 712
10 373
929 430
562 226
583 773
295 97
227 200
242 629
249 647
185 325
380 136
697 510
859 945
740 178
346 189
317 698
111 853
472 297
176 234
15 239
400 650
563 115
124 73
253 497
604 378
911 354
425 402
87 600
894 200
146 487
579 446
290 277
449 530
802 901
152 257
346 589
544 385
843 653
102 735
337 31
204 603
15 795
833 720
502 158
112 235
21 6
519 591
