150
936 244
521 787
45 819
470 690
3 642
395 581
278 709
74 810
345 834
359 267
449 719
724 407
91 404
208 995
339 270
582 989
699 382
547 237
490 550
863 262
971 137
360 163
98 839
392 387
726 0
254 519
312 671
107 116
611 506
339 628
948 987
796 955
619 188
168 59
173 525
303 847
410 908
10 11
327 241
395 402
266 631
354 425
521 807
803 515
329 20
722 478
297 715
727 693
564 216
18 67
951 680
851 427
72 794
535 984
642 282
447 227
987 116
198 319
394 482
625 795
478 465
529 469
923 694
554 831
526 130
661 771
678 62
329 749
530 455
914 982
407 560
720 70
600 7
572 918
763 770
234 481
423 153
560 916
481 611
881 900
689 202
308 373
887 922
221 127
391 528
896 359
534 903
839 875
735 659
784 773
384 123
57 457
820 295
708 150
283 605
928 12
560 523
713 410
503 921
778 505
765 77
442 714
396 67
855 208
705 242
232 732
581 428
913 487
773 2
210 442
721 48
855 843
739 161
282 791
484 661
848 683
910 329
574 336
203 557
780 902
457 666
250 302
157 992
482 896
106 473
465 833
29 866
90 614
506 358
189 471
999 877
183 907
439 391
510 306
725 279
661 358
3 580
350 157
856 586
759 485
783 817
805 50
970 513
408 79
992 603
778 673
821 620
798 242
479 63
947 774
