150
618 652
0 977
460 620
339 37
128 107
133 960
829 481
453 309
271 500
186 649
273 251
623 161
975 63
54 167
974 511
714 550
76 588
431 393
792 8
396 744
710 775
20 259
529 428
884 567
364 709
369 869
110 366
345 819
144 724
128 634
817 998
163 930
65 641
487 309
526 60
857 809
59 813
89 678
742 494
126 926
883 999
836 697
963 588
196 273
586 629
25 876
318 618
126 300
965 276
99 800
700 814
88 172
618 10
75 948
874 803
776 316
901 660
532 508
366 139
703 136
446 91
130 743
731 749
464 518
456 194
566 695
286 175
331 226
831 386
702 792
24 368
40 195
895 947
559 130
109 545
696 346
969 780
446 552
655 54
71 933
115 312
755 758
931 222
583 828
691 306
626 130
463 660
458 190
433 120
164 735
739 323
546 211
237 562
276 205
344 89
231 886
826 242
424 657
43 89
386 902
542 289
336 611
248 454
583 182
887 393
474 99
261 754
831 198
736 990
650 865
426 436
30 240
423 60
516 971
51 945
246 351
143 436
845 258
685 261
792 513
252 471
957 133
595 491
554 515
689 481
358 284
630 683
681 79
869 482
588 8
644 7
918 63
595 508
576 407
775 776
769 708
133 770
406 7
643 463
958 943
419 951
170 975
583 855
258 385
569 558
229 520
325 75
423 712
351 149
273 246
