150
69 585
647 137
934 22
991 951
231 458
588 386
650 753
17 745
329 268
882 759
84 139
911 109
601 620
18 60
825 35
815 481
958 945
170 435
668 319
108 260
770 4
817 894
879 722
490 734
247 455
159 84
548 146
903 248
108 961
241 642
558 394
602 471
4 859
557 873
938 135
406 62
401 189
733 567
875 264
68 612
769 988
116 809
843 516
381 422
22 696
322 670
583 365
883 440
158 922
104 685
459 765
537 74
211 471
996 579
878 343
522 827
292 784
881 571
536 969
119 897
852 908
985 838
916 395
449 206
308 882
976 676
491 132
888 385
556 967
96 112
197 457
930 99
613 644
214 734
717 554
748 247
29 499
937 965
959 557
890 466
618 1000
306 975
174 632
657 196
158 510
536 513
304 120
568 128
641 134
450 354
103 808
146 548
730 493
203 485
639 129
814 727
480 929
835 437
465 278
415 417
405 700
346 184
202 251
4 404
436 614
93 544
868 40
111 73
269 496
906 226
259 420
515 32
924 154
760 126
36 784
712 686
939 70
571 82
540 712
402 551
567 816
768 60
968 819
309 606
771 697
947 272
681 921
688 683
237 866
580 533
370 720
415 95
294 353
655 271
589 600
46 668
822 983
990 322
893 201
661 983
361 95
671 968
378 230
542 897
532 354
743 779
307 784
436 320
980 498
614 542
