150
297 14
784 876
500 665
570 509
743 437
920 803
399 781
151 124
70 304
323 962
240 33
486 665
330 315
158 908
641 67
102 927
810 136
863 226
95 989
852 562
949 115
37 809
669 208
870 757
65 406
28 725
499 145
951 312
903 51
146 351
305 421
743 558
200 711
124 127
450 823
81 959
309 189
880 999
996 955
320 524
372 223
988 199
421 717
606 258
884 414
242 276
26 259
70 825
122 283
457 627
831 565
689 3
708 333
902 395
747 511
659 795
481 839
55 571
881 455
161 857
774 1
290 201
511 366
684 566
219 422
437 931
529 253
553 439
214 828
812 971
283 118
424 962
193 628
518 871
559 725
31 283
846 431
446 231
979 150
354 939
372 734
717 301
117 23
784 227
792 599
292 475
743 76
918 738
943 862
872 765
524 209
450 969
475 665
2 277
979 447
368 636
749 391
93 805
404 868
867 708
82 522
397 891
2 621
661 202
35 840
192 909
261 252
669 856
42 106
313 694
176 84
992 906
182 312
320 794
61 605
521 848
54 677
737 290
34 238
78 414
125 161
655 753
252 660
318 160
544 360
182 427
620 570
366 588
81 804
568 43
248 244
449 589
485 427
318 675
295 97
553 180
473 963
177 698
309 553
546 1000
635 11
491 797
476 946
662 691
106 52
144 125
218 356
24 303
604 959
845 891
