150
932 760
115 450
294 684
448 854
110 627
536 217
836 824
210 73
698 149
966 723
528 719
114 609
653 843
718 370
804 284
300 79
460 383
234 636
392 822
704 423
955 653
188 370
181 366
102 390
61 459
887 692
505 953
843 262
668 25
832 936
439 752
236 436
433 414
114 802
321 762
333 636
657 981
139 94
764 194
617 819
927 724
739 692
243 237
860 551
188 680
0 489
521 688
581 734
177 445
464 63
879 422
418 303
17 598
678 734
754 601
949 924
546 739
155 332
826 155
110 786
954 401
655 3
138 431
624 278
44 307
403 18
502 687
563 768
508 519
379 924
876 168
248 104
768 844
14 249
390 842
604 486
435 946
298 803
895 883
596 608
896 52
355 411
199 227
876 880
143 931
552 244
897 782
426 265
977 888
703 369
335 972
255 781
364 504
597 845
756 311
421 802
130 409
629 939
520 696
637 588
20 509
328 48
840 205
448 231
750 491
15 800
568 396
347 185
869 905
941 732
646 592
161 165
195 752
258 343
849 96
868 286
29 693
90 14
460 81
889 304
568 170
468 864
418 930
765 614
886 322
448 297
156 364
269 475
285 558
176 725
267 355
915 170
407 465
477 121
688 621
884 698
484 248
879 803
368 650
838 655
55 99
728 493
818 405
35 781
292 378
388 991
593 735
483 923
624 685
726 308
