150
12 287
612 823
161 90
790 452
202 491
110 16
232 825
260 208
362 984
908 329
123 472
301 584
76 585
292 490
137 961
212 538
812 514
62 277
763 401
785 188
850 965
270 583
204 963
123 555
155 347
227 271
8 625
774 242
43 932
122 259
901 479
752 54
66 881
210 174
430 801
663 236
698 885
739 989
187 54
820 863
525 513
828 943
830 163
531 176
691 892
662 257
386 605
981 594
821 191
627 757
41 694
624 295
49 639
608 833
655 450
86 10
278 717
194 805
564 536
126 806
200 647
64 304
513 897
799 128
36 14
632 748
900 845
607 592
307 727
83 192
930 408
970 320
670 741
982 886
635 1
63 596
14 749
497 197
595 161
268 830
181 145
166 986
344 960
818 905
126 785
992 261
665 517
959 454
615 222
731 80
950 112
920 516
610 519
129 669
362 576
96 299
800 141
670 121
166 678
825 626
475 271
524 150
121 627
816 914
834 934
78 703
94 392
194 318
79 84
418 813
959 647
167 351
520 946
710 965
831 447
958 67
349 707
759 39
408 183
417 226
260 405
416 667
737 168
133 960
768 0
225 534
667 41
549 621
941 666
752 968
862 30
975 702
658 789
432 149
169 37
129 109
696 744
831 970
545 144
136 701
275 572
772 813
851 90
133 646
755 783
991 637
72 687
597 790
185 533
284 242
