150
77 272
718 491
486 244
813 67
839 674
800 368
528 195
257 335
648 724
693 754
599 2
811 702
620 612
311 520
99 581
638 221
454 918
499 120
167 247
777 464
871 897
351 625
645 823
600 696
368 206
561 524
29 36
693 921
251 729
179 231
741 685
978 47
721 413
46 692
923 663
240 787
973 525
67 491
517 756
148 226
999 472
670 781
740 822
715 199
465 182
413 40
881 294
931 960
888 341
243 101
370 662
99 202
478 186
894 164
543 738
752 293
270 855
678 179
333 792
14 190
854 304
653 779
664 378
726 584
613 504
590 741
976 77
247 509
620 75
894 97
267 152
373 830
904 286
117 240
997 419
468 784
339 398
680 63
74 310
441 670
299 210
403 934
122 525
406 971
561 204
352 612
981 903
992 682
4 38
769 964
857 658
81 496
823 4
355 209
576 550
581 510
555 506
50 852
721 337
165 513
873 601
616 710
938 331
491 979
461 791
641 981
772 628
89 683
804 210
570 53
291 1000
764 315
384 562
950 434
415 649
232 976
918 283
323 812
671 413
684 88
390 406
294 250
176 10
205 671
124 253
267 626
973 574
397 728
450 375
128 231
275 233
970 536
404 687
923 66
941 578
223 191
307 19
144 124
906 109
573 6
733 434
566 354
622 430
1000 121
542 223
987 92
644 414
86 135
438 786
0 425
