150
849 16
318 464
550 788
46 761
836 471
746 544
332 184
936 760
887 998
625 897
562 867
439 332
138 338
932 620
19 312
231 372
899 700
136 327
956 649
667 830
663 650
73 816
660 454
141 183
180 537
870 42
724 624
269 814
519 204
329 999
138 115
744 176
678 729
858 970
57 89
578 628
558 222
534 294
468 885
969 210
405 975
88 432
332 747
987 221
690 419
506 798
665 192
354 893
485 428
127 487
596 815
496 252
963 796
359 294
34 69
304 329
213 118
996 777
167 789
786 608
126 64
48 519
3 496
574 594
290 241
961 520
413 953
874 905
864 686
955 353
461 169
953 530
901 755
0 728
920 818
398 282
627 189
490 777
805 341
21 311
683 740
453 569
2 384
311 45
451 487
482 758
226 0
192 617
160 771
801 534
53 511
472 59
577 675
250 267
756 653
188 66
591 790
192 67
329 18
285 759
435 59
469 444
834 520
742 280
139 868
450 34
174 871
823 60
367 592
466 567
425 926
331 815
886 168
281 943
100 323
447 658
711 40
797 549
776 950
998 126
613 32
291 981
679 821
574 804
504 964
838 252
342 593
324 904
79 439
870 526
228 303
719 631
717 853
55 903
519 664
436 810
292 44
182 970
111 235
345 166
777 137
795 705
325 485
820 291
287 931
846 655
525 666
113 277
620 351
454 256
