150
961 21
936 917
538 537
333 327
948 376
637 499
770 488
164 650
934 544
179 134
546 700
388 851
420 885
523 115
201 222
125 339
823 329
952 504
631 352
793 287
410 69
417 195
579 950
648 409
274 949
137 148
18 982
454 143
421 716
88 74
182 957
570 928
574 439
715 692
735 490
361 404
291 470
515 780
614 823
375 14
692 118
389 948
370 669
403 959
253 253
912 56
790 905
471 659
726 305
860 943
940 801
648 770
277 588
722 585
35 74
405 523
249 386
765 653
972 322
411 95
369 991
571 24
549 147
168 437
351 313
478 790
657 299
853 401
45 666
458 246
355 836
526 533
811 68
139 319
65 790
753 962
995 264
855 230
634 569
294 467
635 722
434 326
394 615
274 395
350 4
617 806
123 284
317 309
812 471
557 775
68 774
540 681
73 436
732 909
470 50
805 901
440 583
331 55
878 713
813 303
152 412
796 61
6 578
16 202
14 290
331 799
742 439
514 866
958 495
352 714
459 451
501 867
675 192
955 547
898 682
297 91
619 157
627 414
73 624
264 28
562 773
327 55
52 817
754 637
450 279
152 209
890 843
665 776
626 485
530 840
362 917
231 178
493 235
828 973
349 870
88 953
948 575
340 232
369 511
196 191
822 274
380 607
289 44
397 292
275 888
557 830
683 809
127 217
541 563
548 460
