150
226 375
67 633
561 462
516 582
499 158
436 110
903 354
868 359
624 323
554 628
963 158
351 700
360 78
438 840
552 13
915 213
344 775
558 121
117 501
377 75
594 182
578 130
733 551
549 569
731 697
136 533
917 483
956 409
936 567
591 600
322 828
66 280
373 734
158 961
377 799
93 915
457 281
362 252
338 341
170 657
110 361
945 387
700 352
490 693
783 20
384 799
31 305
660 526
937 804
762 360
128 977
627 971
160 53
968 796
233 702
252 918
244 532
266 872
45 24
943 165
783 97
802 431
304 301
37 871
11 462
61 77
389 624
135 359
84 543
198 414
863 717
702 278
138 587
965 687
876 260
914 99
42 905
293 791
940 375
173 290
362 496
276 797
598 364
579 821
211 165
430 952
336 425
741 407
1 839
467 802
417 607
105 545
693 447
236 175
283 232
223 191
511 693
340 190
952 484
26 885
631 246
792 67
423 205
77 726
834 901
324 495
79 817
156 346
356 563
286 378
396 320
714 598
217 362
806 672
75 431
639 359
179 750
995 590
397 830
867 162
885 27
575 379
628 476
470 317
496 849
857 296
600 374
463 530
832 646
559 935
553 354
365 798
36 632
567 394
262 889
752 95
272 814
224 82
936 539
739 74
715 796
406 247
272 282
525 141
489 22
356 385
547 712
310 778
516 799
719 708
