150
514 410
97 167
163 345
828 447
63 374
106 720
939 621
720 72
270 637
188 395
93 478
683 749
618 735
355 194
290 821
82 604
655 569
786 415
281 529
873 203
940 492
540 502
765 543
577 270
455 349
54 900
605 718
60 452
917 15
720 690
651 461
799 733
183 714
159 702
345 690
699 989
445 505
127 889
111 228
527 247
523 353
198 531
280 789
689 261
66 10
581 314
777 185
732 672
389 246
181 324
112 499
647 801
544 2
352 196
129 139
850 458
891 512
223 258
137 549
154 831
568 636
327 172
416 688
460 919
306 882
996 668
92 501
588 464
976 123
804 238
252 615
138 197
467 229
43 900
217 649
65 191
664 436
140 156
548 242
132 676
67 555
984 754
48 473
296 492
191 505
295 635
734 495
762 776
59 579
762 772
146 242
73 82
389 634
244 90
657 772
707 741
299 689
240 15
226 601
792 687
254 669
360 875
425 972
941 112
316 17
587 815
973 701
865 627
390 989
521 704
173 572
968 542
756 165
994 669
457 72
529 97
538 720
97 663
395 625
996 972
170 651
760 225
622 118
902 824
837 255
994 98
848 861
963 365
174 533
715 8
94 435
476 255
595 604
443 193
195 979
259 309
824 262
80 979
309 627
421 10
512 739
248 805
590 969
559 256
792 811
358 602
380 918
886 168
210 954
394 521
