150
567 287
858 181
110 122
385 380
101 26
174 899
684 599
305 775
556 121
543 721
856 84
267 344
26 591
965 230
153 654
94 32
253 696
105 600
849 532
196 676
195 400
796 437
63 677
702 188
637 952
636 465
693 990
921 785
689 728
716 316
684 396
397 954
598 467
122 686
468 519
538 495
96 945
978 296
44 484
141 409
982 870
696 122
595 201
848 168
27 849
760 799
697 566
524 702
326 336
84 721
461 492
396 49
73 866
1000 916
548 936
64 365
852 136
562 33
341 725
316 2
945 792
707 377
89 647
341 923
140 61
801 408
245 51
329 42
676 113
187 819
689 7
925 253
871 376
716 350
682 857
706 219
47 189
561 440
775 314
323 217
76 353
400 86
424 499
31 584
353 736
515 167
373 96
349 885
474 173
744 575
333 289
644 131
892 451
786 759
475 48
867 507
991 361
517 957
11 687
558 168
303 116
885 265
889 21
978 235
902 678
568 93
969 169
852 39
352 363
881 164
596 767
407 681
664 800
933 917
829 853
774 436
279 452
426 206
68 666
997 124
32 75
950 415
923 528
97 505
336 533
701 153
429 298
648 132
362 453
926 261
630 272
492 896
42 480
921 865
335 515
787 643
131 220
720 243
441 74
884 755
14 959
644 382
256 262
200 312
906 5
495 567
208 820
556 592
812 793
502 436
