150
466 435
477 936
933 565
626 514
16 950
91 342
475 560
308 752
875 198
968 410
546 712
613 231
229 389
583 779
217 400
868 378
704 407
534 835
283 383
892 732
11 378
536 747
349 99
891 482
710 648
689 1000
402 3
595 393
99 900
466 102
580 680
844 219
424 198
231 941
627 118
130 933
587 15
570 57
546 63
891 240
855 202
900 389
877 94
494 292
620 643
982 513
564 72
72 479
796 972
352 902
997 326
975 945
810 492
888 455
670 206
844 994
798 498
466 436
530 729
688 621
820 750
451 231
572 707
385 836
759 477
124 448
409 616
39 645
985 706
980 542
205 554
571 308
808 680
461 523
210 892
84 495
908 218
961 859
694 17
853 10
155 13
901 206
712 553
124 466
414 102
525 574
766 432
90 333
605 443
818 791
538 607
998 292
639 787
863 759
457 907
641 122
632 608
134 92
831 44
350 560
82 400
981 183
601 753
163 105
453 249
57 409
708 629
493 156
973 308
565 218
369 5
403 629
69 992
710 854
313 408
475 723
894 986
404 586
563 153
501 606
189 809
783 850
895 402
972 584
461 789
658 641
809 533
145 652
715 475
385 696
746 703
107 237
182 179
597 511
298 447
270 660
317 935
584 946
211 371
583 670
871 397
331 889
772 959
563 783
441 175
452 296
163 695
275 467
666 897
523 749
