150
34 659
732 875
894 460
499 423
127 74
918 3
928 71
73 135
717 521
66 792
683 420
519 542
854 315
372 203
915 258
993 350
661 206
335 763
350 582
174 41
86 135
256 536
749 396
984 907
207 141
390 852
35 759
214 867
853 103
811 493
336 475
551 69
459 654
521 799
849 501
242 147
315 570
891 131
319 83
284 479
40 280
840 847
364 921
878 289
919 580
522 553
621 589
377 913
963 93
179 542
82 944
729 355
102 99
262 337
561 756
523 678
98 795
769 747
1 79
992 972
335 924
663 725
65 768
822 99
645 738
809 466
547 328
533 413
394 736
728 784
543 382
26 11
674 410
791 227
76 551
211 829
350 727
644 493
843 681
894 975
796 745
770 733
44 710
400 694
37 931
398 641
814 821
503 611
24 422
185 28
422 776
818 520
472 583
181 948
772 437
350 284
691 538
668 443
550 659
641 62
867 903
229 851
539 212
309 735
589 162
568 599
652 847
384 995
823 330
208 534
716 122
213 280
620 43
759 179
458 149
327 31
245 97
336 611
786 46
698 381
71 700
744 345
145 738
978 773
649 98
565 94
58 460
183 190
46 314
607 713
323 284
753 242
888 977
314 983
931 426
23 476
117 174
72 447
902 843
67 824
670 716
577 89
671 475
876 446
103 747
782 882
338 468
361 909
642 538
696 192
