150
11 782
817 359
751 649
248 633
468 985
666 581
24 965
714 859
946 435
469 253
223 21
333 481
848 215
848 672
217 550
87 836
119 755
732 786
112 703
530 611
83 163
376 689
944 712
785 117
748 936
539 90
452 979
586 889
399 367
995 796
27 673
624 529
337 570
667 575
352 62
652 724
584 967
359 288
595 941
951 651
108 339
803 188
748 395
695 360
818 742
445 560
80 322
157 64
224 868
460 321
666 620
720 191
426 752
864 962
902 442
933 66
581 150
8 226
359 174
131 198
496 643
244 540
535 935
179 35
467 32
484 593
601 734
910 965
860 952
683 76
198 139
250 944
572 519
961 928
900 120
965 673
622 616
516 155
348 681
824 328
292 213
603 397
186 624
407 16
910 841
314 964
358 28
857 363
374 758
751 348
402 616
3 920
676 970
802 747
467 715
538 83
538 425
8 1000
89 249
609 359
69 537
25 341
459 647
738 549
743 290
480 520
884 354
950 600
745 240
580 270
684 870
287 798
765 105
836 206
957 933
216 71
555 766
381 45
429 934
270 564
876 256
992 697
516 161
382 212
693 857
558 222
135 815
135 202
690 592
612 772
98 831
224 350
430 987
478 451
698 293
440 63
10 585
895 232
53 475
298 691
275 21
221 200
558 424
62 702
746 745
525 291
405 871
779 286
294 564
876 727
