150
318 719
456 160
282 157
503 30
941 885
789 228
165 418
483 430
54 154
583 70
440 897
176 145
678 626
635 677
373 101
892 42
370 67
922 211
154 625
940 247
642 18
582 158
175 94
640 899
956 27
996 232
869 968
882 88
461 221
845 657
219 424
443 949
906 306
907 639
977 177
103 730
18 266
525 145
474 697
16 672
80 426
844 98
766 318
991 271
62 658
751 706
649 923
232 241
372 322
686 126
636 414
605 466
814 364
964 940
359 188
232 414
848 103
571 331
717 482
870 561
390 657
269 160
736 436
85 361
948 801
168 192
616 949
796 383
310 408
278 313
329 596
774 549
120 95
500 682
161 995
827 421
540 8
462 489
820 51
56 661
487 302
368 385
196 924
713 510
314 229
417 296
623 646
528 700
335 289
96 414
489 670
558 815
427 959
265 697
443 524
474 532
550 466
878 369
726 636
660 431
632 130
346 165
140 551
621 397
91 667
608 910
587 560
726 998
395 675
592 700
346 148
102 2
99 640
499 738
16 240
227 49
807 134
328 996
434 745
844 201
644 126
59 319
197 0
752 126
989 149
836 569
881 62
763 787
133 873
454 374
659 501
531 845
251 596
375 198
290 456
326 556
349 979
551 88
526 735
350 468
721 926
160 423
701 699
620 837
230 92
74 864
912 520
526 45
420 845
73 486
