150
133 952
316 216
31 929
810 839
546 136
617 706
399 316
333 187
456 100
308 977
402 468
30 966
785 866
648 266
917 941
642 892
180 913
922 299
399 717
78 322
922 562
159 106
302 23
135 926
287 925
223 710
464 452
371 959
912 297
972 946
57 85
548 441
208 583
94 765
772 975
246 13
364 456
480 485
573 815
991 28
889 798
898 174
792 772
312 761
458 676
299 948
684 586
109 955
820 413
64 414
667 85
68 199
520 138
512 552
501 975
427 201
661 945
382 306
995 186
489 280
156 259
953 96
680 393
833 420
921 306
821 374
798 613
774 720
761 914
399 240
228 297
744 535
41 175
543 114
609 337
293 457
492 265
253 128
120 124
468 678
457 488
921 479
132 600
72 20
432 578
863 627
9 701
874 524
938 686
421 495
761 388
995 893
620 859
445 442
720 476
775 518
6 80
82 686
285 563
783 528
465 371
649 550
221 517
623 314
222 916
728 237
645 273
618 715
558 38
519 783
451 574
9 189
408 109
663 250
961 96
165 38
69 685
147 446
191 339
817 345
340 68
435 833
845 509
881 663
179 960
853 953
840 444
721 224
248 320
116 229
902 438
399 660
86 396
86 776
82 881
507 223
317 238
966 920
180 844
533 939
656 662
881 196
2 842
981 551
884 709
559 708
113 714
187 903
291 940
413 581
