150
248 778
201 169
952 372
70 573
76 302
183 161
553 833
702 91
313 901
266 153
337 463
951 305
314 802
390 776
469 545
60 699
321 523
560 594
249 342
96 802
494 733
666 217
673 13
844 773
615 609
351 739
527 575
654 37
961 154
502 509
890 996
141 387
671 294
988 811
448 200
493 513
639 955
107 886
768 177
242 173
517 83
349 877
367 825
659 146
860 107
66 554
466 303
314 370
180 507
758 255
94 510
599 420
18 787
428 854
952 17
14 231
369 522
651 460
586 130
743 481
306 621
75 924
430 922
998 503
887 348
592 639
759 237
480 359
708 741
655 529
791 335
825 862
359 465
935 358
901 497
654 384
903 587
704 162
122 421
140 471
885 660
710 824
63 970
60 627
594 588
398 893
699 541
1000 137
341 608
430 54
369 886
961 718
189 228
117 524
449 574
191 376
856 556
304 571
503 868
665 225
22 348
362 689
214 20
218 620
504 35
255 985
521 787
186 914
98 1
576 604
769 499
706 163
453 407
297 996
971 536
667 76
516 900
771 982
879 143
804 318
301 943
767 244
409 637
742 341
406 438
181 975
367 530
296 796
985 695
390 141
558 281
487 481
979 778
980 26
905 479
159 861
852 779
52 515
819 607
723 89
243 255
996 540
338 491
788 297
936 473
460 769
834 687
265 473
857 190
290 14
