150
707 516
848 613
509 588
124 146
180 820
288 460
615 94
34 158
91 225
60 765
629 679
795 679
933 305
986 660
646 785
367 23
869 946
212 281
11 25
618 91
388 755
701 310
220 928
518 548
819 33
279 416
771 743
184 56
524 596
298 628
534 896
727 75
964 954
877 80
581 337
220 267
758 48
365 860
107 524
167 837
284 967
21 894
132 58
42 751
932 716
61 806
279 814
209 814
827 599
616 614
23 698
560 98
582 441
750 434
412 966
624 179
580 385
401 477
518 386
766 724
556 5
914 1
260 736
476 986
9 431
341 619
177 526
655 503
673 212
613 121
280 178
359 310
312 342
879 289
710 229
326 973
97 582
39 960
505 417
699 901
649 536
294 384
795 774
96 497
829 359
530 993
99 420
474 279
461 291
177 311
18 279
662 63
138 99
185 721
514 446
816 769
956 876
161 194
370 261
269 189
347 222
314 46
82 120
606 873
900 424
259 481
758 434
964 665
108 356
178 461
213 593
764 554
888 552
775 672
959 703
177 476
974 626
709 836
91 483
834 244
756 612
742 694
621 708
116 324
570 163
72 757
532 691
605 398
743 35
622 178
349 162
412 27
56 763
109 166
236 161
627 383
406 148
498 576
170 574
842 733
127 842
550 180
354 80
585 365
31 37
678 823
258 782
82 685
252 248
177 645
